-1.78350E+01
-2.62969E+01
-1.53420E+01
-1.59660E+01
-4.24453E+01
-2.43525E+01
-1.75995E+01
-2.73294E+01
-2.16064E+01
-1.80664E+01
-1.83230E+01
-2.96118E+01
-2.30805E+01
-2.70601E+01
-3.09248E+01
-2.17159E+01
-2.58261E+01
-2.85877E+01
-2.50088E+01
-2.01456E+01
-1.95203E+01
-2.38917E+01
-2.68330E+01
-2.36929E+01
-2.67693E+01
-2.74010E+01
-3.47931E+01
-2.91481E+01
-2.59913E+01
-2.47926E+01
-2.62938E+01
-7.17669E+01
-5.70188E+01
-5.44597E+01
-5.08579E+01
-5.81648E+01
-4.90341E+01
-4.49878E+01
-5.03050E+01
-4.71693E+01
-5.01059E+01
-6.04220E+01
-5.78486E+01
-6.11762E+01
-5.55754E+01
-5.49957E+01
-5.53917E+01
-5.37104E+01
-7.81851E+01
-5.65099E+01
-5.38745E+01
-5.72653E+01
-5.55918E+01
-5.89622E+01
-5.13994E+01
-5.15929E+01
-5.07962E+01
-5.24933E+01
-5.22196E+01
-5.06773E+01
-4.89384E+01
-4.63215E+01
-4.69272E+01
-4.72827E+01
-4.61504E+01
-4.49840E+01
-4.60565E+01
-4.41641E+01
-4.28555E+01
-4.25136E+01
-4.25877E+01
-4.17545E+01
-4.07708E+01
-4.06187E+01
-3.94100E+01
-3.81607E+01
-3.76207E+01
-3.73470E+01
-3.63903E+01
-3.59766E+01
-3.55232E+01
-3.46717E+01
-3.43005E+01
-3.36953E+01
-3.30753E+01
-3.22102E+01
-3.17767E+01
-3.09985E+01
-3.07336E+01
-2.99605E+01
-2.94555E+01
-2.91282E+01
-2.86922E+01
-2.81819E+01
-2.79913E+01
-2.74855E+01
-2.72137E+01
-2.70602E+01
-2.66555E+01
-2.66795E+01
-2.63377E+01
-2.60325E+01
-2.57659E+01
-2.52527E+01
-2.50769E+01
-2.47046E+01
-2.44806E+01
-2.43204E+01
-2.37447E+01
-2.31181E+01
-2.32304E+01
-2.30045E+01
-2.28338E+01
-2.23745E+01
-2.21540E+01
-2.16644E+01
-2.14536E+01
-2.11328E+01
-2.08218E+01
-2.04156E+01
-1.99414E+01
-1.95789E+01
-1.90060E+01
-1.87120E+01
-1.82158E+01
-1.78060E+01
-1.71778E+01
-1.66285E+01
-1.62194E+01
-1.55344E+01
-1.48532E+01
-1.43305E+01
-1.36017E+01
-1.31195E+01
-1.22980E+01
-1.19490E+01
-1.14935E+01
-1.12020E+01
-1.10857E+01
-1.10028E+01
-1.12294E+01
-1.17879E+01
-1.24191E+01
-1.31010E+01
-1.41261E+01
-1.52018E+01
-1.56926E+01
-1.67561E+01
-1.72388E+01
-1.83879E+01
-1.90039E+01
-1.99992E+01
-2.06043E+01
-2.13126E+01
-2.21286E+01
-2.27051E+01
-2.32150E+01
-2.36383E+01
-2.42309E+01
-2.49823E+01
-2.56757E+01
-2.64356E+01
-2.69276E+01
-2.70384E+01
-2.74378E+01
-2.74171E+01
-2.80880E+01
-2.86028E+01
-2.85595E+01
-2.89279E+01
-2.89602E+01
-2.90281E+01
-2.83576E+01
-2.88878E+01
-2.93785E+01
-2.90591E+01
-2.91751E+01
-2.98451E+01
-2.83266E+01
-2.94206E+01
-2.95850E+01
-2.87511E+01
-2.93506E+01
-2.96958E+01
-2.91653E+01
-2.81772E+01
-2.86185E+01
-2.82668E+01
-2.78505E+01
-2.77846E+01
-2.73310E+01
-2.79119E+01
-2.78015E+01
-2.75247E+01
-2.64779E+01
-2.61761E+01
-2.66691E+01
-2.56612E+01
-2.59919E+01
-2.52508E+01
-2.48819E+01
-2.45134E+01
-2.53652E+01
-2.62476E+01
-2.65673E+01
-2.54411E+01
-2.52180E+01
-2.44688E+01
-2.41807E+01
-2.38701E+01
-2.30457E+01
-2.22122E+01
-2.22515E+01
-2.29759E+01
-2.15169E+01
-2.22723E+01
-2.08950E+01
-2.08474E+01
-2.08098E+01
-1.89401E+01
-1.86956E+01
-1.93899E+01
-1.98908E+01
-1.94559E+01
-1.83289E+01
-1.71253E+01
-1.83888E+01
-1.82780E+01
-1.63120E+01
-1.70603E+01
-1.66808E+01
-1.68284E+01
-1.62186E+01
-1.49397E+01
-1.59159E+01
-1.55325E+01
-1.44430E+01
-1.51890E+01
-1.40088E+01
-1.47637E+01
-1.40953E+01
-1.32865E+01
-1.38888E+01
-1.31620E+01
-1.32733E+01
-1.31399E+01
-1.23166E+01
-1.26388E+01
-1.22771E+01
-1.16698E+01
-1.22593E+01
-1.16963E+01
-1.18877E+01
-1.12600E+01
-1.09908E+01
-1.12245E+01
-1.06470E+01
-1.08042E+01
-1.06197E+01
-1.03791E+01
-1.02193E+01
-1.03166E+01
-9.95756E+00
-9.70645E+00
-9.96089E+00
-9.69396E+00
-9.64639E+00
-9.38882E+00
-9.41526E+00
-9.18990E+00
-9.06285E+00
-9.29380E+00
-9.00614E+00
-9.02879E+00
-8.79465E+00
-9.17548E+00
-8.84950E+00
-9.08311E+00
-8.69840E+00
-8.77325E+00
-8.71427E+00
-8.56081E+00
-8.60383E+00
-8.48453E+00
-8.63558E+00
-8.70802E+00
-8.29095E+00
-8.48855E+00
-8.54492E+00
-8.47289E+00
-8.27962E+00
-8.39628E+00
-8.14197E+00
-8.43019E+00
-8.28329E+00
-8.35915E+00
-8.16727E+00
-8.22469E+00
-8.10736E+00
-8.28093E+00
-8.14887E+00
-8.30943E+00
-8.09106E+00
-8.29880E+00
-8.09717E+00
-8.12024E+00
-8.10908E+00
-8.25612E+00
-8.01822E+00
-8.10705E+00
-8.00492E+00
-8.18186E+00
-8.13773E+00
-8.47828E+00
-8.37794E+00
-8.62205E+00
-8.62666E+00
-9.00654E+00
-9.26699E+00
-9.48213E+00
-9.28328E+00
-9.44809E+00
-8.97820E+00
-8.82803E+00
-8.06463E+00
-8.06408E+00
-7.68837E+00
-7.75645E+00
-7.37161E+00
-6.73135E+00
-6.43384E+00
-6.04248E+00
-5.86304E+00
-5.79026E+00
-5.61073E+00
-5.21878E+00
-5.21935E+00
-5.23707E+00
-6.03758E+00
-7.18380E+00
-8.66841E+00
-1.00228E+01
-1.15787E+01
-1.29194E+01
-1.47659E+01
-1.62302E+01
-1.76370E+01
-1.87694E+01
-2.01718E+01
-2.07538E+01
-2.23220E+01
-2.26988E+01
-2.36806E+01
-2.44716E+01
-2.54055E+01
-2.57140E+01
-2.65982E+01
-2.64477E+01
-2.54890E+01
-2.46008E+01
-2.32407E+01
-2.12217E+01
-2.21244E+01
-2.60659E+01
-2.86259E+01
-3.35988E+01
-3.48064E+01
-3.86396E+01
-3.54635E+01
-3.85029E+01
-3.78967E+01
-3.60026E+01
-3.63222E+01
-3.42667E+01
-3.95446E+01
-4.13784E+01
-4.54351E+01
-4.28383E+01
-5.80931E+01
-4.99849E+01
-4.36737E+01
-5.47465E+01
-4.60536E+01
-5.33601E+01
-5.33426E+01
-5.11771E+01
-5.39702E+01
-5.39289E+01
-6.37488E+01
-5.20027E+01
-4.55366E+01
-5.03741E+01
-4.45310E+01
-4.68659E+01
-5.21683E+01
-5.33428E+01
-4.48900E+01
-5.67922E+01
-5.58908E+01
-5.62178E+01
-4.75915E+01